313
1094
2676
1869
397
46
1470
2038
2733
2261
981
220
1490
659
735
2514
960
2502
842
1577
2758
2430
1055
194
1223
268
2486
1158
1994
1099
2211
184
595
1913
599
1117
1845
466
1229
1547
340
1795
673
2466
1295
1225
317
1953
217
1534
864
1015
388
2653
370
1381
260
1183
418
2771
2702
1121
1557
1167
420
256
1364
2557
460
1211
1473
2709
1310
847
85
133
61
1896
2652
1479
2123
1850
508
2234
2727
962
2115
1128
362
230
1414
440
2269
2738
1336
1692
1114
1544
569
238
663
2376
2064
2407
280
290
2684
1758
1848
2272
247
1321
694
349
1411
2326
2611
423
2441
2516
2127
1034
54
1963
581
2340
1567
720
341
1786
784
513
2743
2619
1750
931
539
1833
815
728
2006
1113
334
2221
1760
1007
299
57
347
700
1847
1627
1733
1174
128
1813
698
1396
219
1719
181
2745
121
2350
745
570
642
2143
2648
2562
2
1608
1635
2500
157
145
278
2189
1268
1998
1504
1657
120
298
1868
1398
11
858
1940
1812
925
988
215
1516
1566
1769
23
2475
2474
2744
814
1230
1030
1510
938
2411
209
746
1178
1992
1849
2436
1045
1038
2000
1803
2756
939
2767
1788
969
1024
1418
22
1261
1281
965
2582
1898
