460
217
842
599
1418
1321
746
181
1114
334
1479
2744
2738
2653
1635
1174
1015
2758
370
2407
1898
1566
1034
1229
720
1094
728
85
2272
238
247
864
1038
1657
2514
513
256
1117
1998
1470
2684
22
2441
1268
1849
1940
209
2006
388
2038
1534
298
2709
2727
673
642
1178
539
347
1516
1847
278
1848
570
931
260
299
268
1719
157
184
2189
54
2466
1230
694
1963
2221
423
581
1577
2582
1158
969
2234
2261
2000
61
121
1167
2340
784
1913
2430
2562
2269
1099
1414
1896
397
2611
215
1758
1845
2127
1547
1544
2115
981
700
2064
349
1411
1733
1750
1868
1992
1364
2143
2500
2
960
1055
120
815
508
317
313
1113
2702
2350
2123
2516
1281
2557
23
219
1128
2436
2619
847
440
1223
1261
1510
1490
2211
1398
362
663
2502
420
1795
466
2733
2648
1760
1024
11
133
1121
1608
1786
1295
595
659
46
698
814
1994
128
194
340
1627
965
57
2411
2743
418
2486
2676
230
2745
220
2756
1381
2771
1813
1007
962
735
1850
1812
1788
1833
1953
1504
1473
1183
1557
145
2652
1769
1211
1336
1030
745
2475
2474
290
1869
938
2326
858
988
2376
2767
1396
1310
341
1225
1567
925
280
1692
1045
939
1803
569
